"","Unionized","State","State_Pop","Major_Cities","Total_Size","Income_PerCap","Gas_Prices","Years_Post_Union","Year","Tech_Level"
"1",0,1,6309963.26844815,7,26400,34474.01,0.75,0,1981,2.87832126796698
"2",0,0,3017564.20667295,4,42000,10845.56,0.82,0,1981,2.08441233002817
"3",0,1,6299102.31881048,7,26400,34475.91,0.82,0,1982,2.61509153105458
"4",0,0,3002027.39747109,4,42000,10987.8,0.89,0,1982,2.05385744833265
"5",0,1,6275860.9152928,7,26400,34558.33,0.94,0,1983,2.66231090515372
"6",0,0,2988384.16875633,3,42000,10992.67,0.92,0,1983,2.47489646047424
"7",0,1,6283134.96883003,7,26400,34621.53,1,0,1984,3.05615726420355
"8",0,0,2981448.53282809,3,42000,11021.19,0.94,0,1984,2.17254378690502
"9",0,1,6282617.43229423,7,26400,34794.8,1.02,0,1985,2.71986198012054
"10",0,0,2997502.72039495,3,42000,11065.16,0.98,0,1985,2.30933453995855
"11",0,1,6275877.59169786,7,26400,34861.52,1.06,0,1986,2.97028046011954
"12",0,0,2977762.87339234,3,42000,11323.33,1.11,0,1986,2.24227649938208
"13",0,1,6272980.0262543,7,26400,34867.08,1.27,0,1987,2.99831929142945
"14",0,0,2991448.79218298,3,42000,11398.5,1.12,0,1987,2.43777637648545
"15",1,1,6261359.21538549,7,26400,34932.53,1.36,0,1988,3.53295457701978
"16",0,0,2998164.09835838,3,42000,11427.47,1.14,0,1988,2.09349806700147
"17",1,1,6269918.50965558,7,26400,35107.33,1.46,1,1989,3.51181490326696
"18",0,0,2981358.37649577,3,42000,11431.77,1.17,0,1989,2.11687537636954
"19",1,1,6260555.95496154,7,26400,35129.87,1.55,2,1990,3.66533010824776
"20",0,0,2969375.65456464,3,42000,11478.22,1.26,0,1990,2.24546685678589
"21",1,1,6251901.41395461,7,26400,35389.59,1.57,3,1991,3.93913354589632
"22",0,0,2974101.86731445,3,42000,11584.36,1.6,0,1991,2.41008044419048
"23",1,1,6248439.3505111,7,26400,35393.98,1.66,4,1992,3.77828899424569
"24",1,0,2982271.5357477,3,42000,11696.05,1.66,0,1992,3.0001653515267
"25",1,1,6243884.58534426,7,26400,35449.33,1.7,5,1993,3.95704656866793
"26",1,0,2971173.12248104,3,42000,11724.54,1.86,1,1993,3.22593772813121
"27",1,1,6239822.5847415,7,26400,35566.14,1.72,6,1994,4.41614126565492
"28",1,0,2977896.80820834,3,42000,11792.04,1.93,2,1994,3.33500242730325
"29",1,1,6245104.63428138,7,26400,35656.3,1.79,7,1995,4.39995300212622
"30",1,0,2963818.8473921,3,42000,11935.01,2.03,3,1995,3.17670210222849
"31",1,1,6249939.32067829,7,26400,35695.26,1.99,8,1996,4.44901445487408
"32",1,0,2961680.9704651,3,42000,11948.97,2.1,4,1996,3.64521239420216
"33",1,1,6232717.47621082,7,26400,35976.65,2.1,9,1997,4.59939675755821
"34",1,0,2953144.95969506,3,42000,11992.32,2.18,5,1997,3.40320093578174
"35",1,1,6243882.50088002,7,26400,35984.48,2.19,10,1998,4.64984635604759
"36",1,0,2959804.43732092,3,42000,12023.16,2.29,6,1998,3.69710929433917
"37",1,1,6251272.20478058,7,26400,36022.86,2.49,11,1999,4.75246863173546
"38",1,0,2954035.98552894,3,42000,12170.01,2.32,7,1999,4.00196836794024
"39",1,1,6263496.1640718,7,26400,36198.63,2.68,12,2000,5.14269391861048
"40",1,0,2957680.38824533,3,42000,12221.51,2.56,8,2000,3.92833645878905
